716362695618826704282524836008232575304207529634508586156078911294949545
950173795833195285320880551165727333001053367881220235421809751254540594
752243525849077116705560136048395864467063244157221553975369781797784617
406495514929086256932197846862248283972241375657056057490261407972968652
414535100474821663704844031998900088952434506585412275886668819698352031
277450632623957831801698480186947885184312540698747158523863050715693290
963295227443043557668966489504452445231617318564030987111217223831130588
611646710940507754100225698315520005593572972516427171479924442928230863
465674813919123162824586178664583591245665294765456828489128831426076900
422421902267105562632111110937054421750694165896040807198403850962455444
362981230987879927244284909188845801561660979191338754992005240636899125
607176066222989342338030813533627661428280644448664523874973167176531330
624919225119674426574742355349194934303589072962904915604407723907138105
1585930796086670172427121883998797908792274921901699720888093776